1 4 2 3 
4 1 4 2 3
3 7 7 8
9 8 9 7 10 6 12 17 24 38
23 -415 -416 -418 -421 -425 -420 -426 -433 -425 -434 -444 -455 -443 -430 -416 -401 -385 -402 -384 -365 -385 -406 -384
106 -940 895 73 543 12 554 59 -147 96 601 187 406 -475 283 -130 165 -7 966 390 -497 -628 239 402 34 -983 -763 544 603 456 756 -715 -787 -433 866 282 -806 296 595 927 124 -913 -597 -51 -249 -323 873 -852 -519 345 -459 493 -214 280 380 -958 755 416 -119 251 382 -633 -974 578 165 769 858 -473 631 -600 -18 43 948 671 19 -774 460 -194 112 193 -551 -338 -256 -986 382 519 828 -407 -761 767 552 -300 -845 731 -89 823 837 -890 -641 621 -844 721 775 -249 371 367 439
108 -972 -705 661 -785 -756 449 -78 676 -835 -906 -271 515 848 701 -123 -702 970 -393 634 231 -859 -845 -48 192 -408 -935 -795 387 -128 287 -320 -239 -58 -981 763 785 -888 -238 -500 435 -520 751 700 -657 -464 -363 636 663 -557 -258 -478 -865 -403 -656 760 732 840 -599 372 772 -946 -524 -313 -893 -778 151 -862 130 124 573 -70 -160 776 -225 910 -934 154 901 -996 -938 640 -521 -325 572 -398 -200 -809 722 -907 399 935 -624 495 -846 -508 199 -912 762 -15 164 189 324 -458 109 831 -19 -403 522
75 -23 -24 -26 -23 -27 -22 -28 -21 -29 -20 -30 -19 -31 -18 -32 -47 -63 -80 -62 -43 -23 -2 20 43 19 -6 -32 -5 23 52 22 -9 23 -10 24 -11 -47 -10 -48 -9 31 -10 32 -11 -55 -100 -146 -99 -147 -98 -48 3 -49 -102 -48 7 -49 -106 -164 -105 -165 -104 -166 -229 -165 -100 -166 -99 -31 38 -32 -103 -31 42 -32
29 -136 -137 -139 -136 -140 -145 -151 -144 -152 -143 -153 -164 -152 -165 -179 -164 -180 -163 -181 -200 -180 -201 -179 -156 -132 -107 -81 -54 -26
135 227 228 226 223 227 222 228 235 227 236 226 215 203 216 230 215 199 182 200 181 161 140 162 139 163 138 164 137 165 194 224 193 225 258 224 259 223 186 224 185 225 184 142 99 143 98 52 5 -43 -92 -142 -91 -39 14 68 13 -43 -100 -42 17 77 16 -46 -109 -45 -110 -176 -109 -41 -110 -40 31 -41 32 -42 -117 -41 36 114 35 -45 36 118 35 -49 -134 -48 39 -49 -138 -48 -139 -47 -140 -234 -139 -43 -140 -42 -141 -241 -342 -240 -343 -447 -552 -446 -339 -447 -338 -228 -339 -451 -564 -678 -793 -909 -792 -910 -791 -671 -550 -672 -549 -673 -548 -422 -549 -677 -548 -678 -809 -677 -544 -678
148 -447 -411 572 -431 -264 -759 480 383 -654 -789 -812 -723 952 -724 240 -62 -125 900 -963 905 -853 -517 957 112 451 -160 -95 386 -228 806 -149 -351 352 198 -224 -608 461 -706 434 -80 -834 -553 36 634 231 769 -382 713 -831 907 -974 258 -866 808 -897 571 -862 604 -375 -540 78 539 -558 470 -712 788 -9 -786 -805 -584 -18 332 -269 514 183 606 776 272 -988 694 705 -852 -828 956 168 -319 882 191 873 250 986 777 35 -216 541 514 395 747 -602 233 360 -746 499 -765 239 -214 515 -113 -509 76 691 -749 60 -351 472 277 -497 -238 -744 218 -37 265 760 766 -905 410 -205 551 333 984 -943 693 -103 -377 203 907 982 -658 -81 -198 427 -486 846 -209 946 -82 -238 8
46 -990 -559 56 236 -638 -413 774 516 599 -862 375 100 -869 -334 738 -551 -350 -963 606 489 625 407 -336 -690 -817 -688 606 382 717 244 663 160 638 -759 103 262 478 -611 861 354 -502 722 -295 -979 613 770
87 151 152 150 153 149 154 148 155 163 172 182 171 159 146 160 145 129 146 164 145 125 146 124 101 125 150 176 203 175 204 174 205 173 140 106 141 105 68 30 -9 -49 -90 -132 -89 -45 0 -46 1 -47 2 -48 -99 -47 -100 -46 -101 -157 -214 -272 -213 -273 -212 -274 -337 -401 -336 -270 -203 -271 -340 -270 -199 -127 -54 -128 -53 23 -54 24 -55 -135 -54 28 111 195 280 194
70 323 322 320 317 313 308 302 295 303 294 284 273 285 298 284 299 283 300 318 299 279 258 236 213 189 214 240 213 241 212 242 273 241 208 174 209 245 208 246 285 325 366 324 367 323 278 324 371 323 372 322 373 321 374 428 483 427 484 542 601 541 480 542 479 543 608 542 475 407 476
59 438 -105 -726 -51 -562 602 -402 -377 -495 -377 852 -134 838 818 -958 -211 357 -284 -593 658 -551 -914 -913 -335 -68 214 -221 81 -158 160 -432 101 732 25 769 183 -736 -758 795 600 656 -116 814 -633 684 444 -228 616 -408 489 952 -795 -776 264 -357 -546 -162 300 -374
53 187 188 190 187 191 186 192 185 193 184 174 185 173 186 200 215 231 248 266 247 227 206 228 251 275 300 326 299 327 298 328 359 327 360 326 361 397 360 398 437 477 518 476 433 389 344 298 251 203 154 104 155 103
22 272 271 273 276 280 285 291 284 276 285 295 284 272 285 299 284 268 251 233 214 234 255
98 904 -644 594 -15 546 661 -715 -335 -174 374 -671 -872 -978 570 724 -540 247 782 -937 -577 -456 719 -617 -747 -185 248 -792 -851 -446 -745 -810 7 -760 -476 -715 -601 -273 -43 -904 316 -338 -459 -557 -582 -276 542 496 262 -932 26 -470 761 -818 -134 -276 -391 -654 -385 888 -396 -70 -45 -955 -164 -161 -649 898 290 3 399 -431 534 -329 680 575 201 610 -139 997 791 488 -953 -614 -818 -735 933 -493 -375 971 -229 730 -343 33 -655 -920 -879 -357 325
141 558 48 -788 -35 858 417 420 478 -897 -284 391 -686 447 203 -800 385 651 847 -134 -533 -981 -458 -562 453 40 374 -720 393 -752 -437 804 -43 -561 737 -445 -288 -264 -807 -900 -982 763 -863 326 -508 657 182 -277 -875 301 -738 78 -226 -415 -864 -423 810 -177 -310 -242 590 394 835 685 -794 20 921 -872 919 789 555 445 104 610 -306 256 -221 916 -127 -870 952 502 -592 -977 333 -662 602 698 -343 -446 78 299 -20 -346 857 -924 186 -685 -555 -689 854 139 -678 -79 -814 966 95 795 -626 517 538 -396 -938 83 -175 -825 -731 714 36 801 -258 67 -453 807 268 829 808 222 125 -3 -39 -488 -481 871 -504 -629 -251 -503 582 -28 -375 616
74 333 334 336 333 329 324 330 337 345 354 364 353 341 328 342 357 341 358 340 359 339 360 338 361 385 360 334 307 279 308 338 369 337 304 270 235 199 236 198 237 277 236 194 151 107 62 108 155 203 154 104 155 103 50 -4 51 107 164 106 165 225 164 102 165 229 294 228 161 93 24 94 23 95 168
147 -260 -88 -640 39 -932 -183 315 -67 -984 759 -477 -497 614 -730 880 -143 627 666 769 -516 879 820 -819 -8 -959 317 100 902 10 -241 -469 -244 931 234 -289 -48 277 -867 746 15 160 -475 435 -886 -390 765 -371 377 884 -239 -323 -339 764 -252 628 332 478 956 -469 -422 661 174 -454 -933 -282 -996 210 -357 -369 267 792 722 862 338 -503 -172 67 -534 -445 -348 -458 761 -728 858 438 -785 176 801 -625 636 383 -422 321 931 482 699 -886 120 254 41 -873 166 -641 535 505 -693 617 -624 -35 -150 -791 756 179 -451 -676 889 -710 595 351 -694 964 -120 -900 -715 -735 422 158 -505 -939 -781 93 310 444 -693 481 997 -91 690 782 -694 -867 859 -697 168 264 644 365
150 893 -966 824 875 -697 259 -401 707 701 990 499 -619 -121 -892 601 727 484 -66 -558 696 112 -584 -43 -849 -610 -761 107 -505 475 619 -495 506 420 -763 -504 -485 125 932 -585 686 446 -229 594 -795 -107 237 -291 -127 -274 109 666 -576 -665 297 699 -54 262 -303 665 -745 -193 -271 108 -211 530 -593 -662 612 795 855 468 -6 886 -76 499 469 520 -859 -191 624 -339 217 -182 615 777 725 -811 832 632 -118 278 -355 866 300 246 -653 -455 194 -824 -935 -384 469 5 718 932 -925 -684 674 -806 859 2 766 -704 272 387 776 80 -297 444 -272 -117 -186 300 -775 -217 190 306 488 -803 284 -800 320 25 -851 -905 -806 203 -185 907 619 -934 -821 3 -16 -595 -459 -590 -642 -319 430
106 -521 -181 -390 -618 334 -451 849 -849 331 753 459 239 -151 86 -609 -881 -873 438 726 230 150 940 754 917 880 161 -696 -607 807 -822 277 59 643 -983 -27 841 -309 110 446 215 709 634 -348 -641 90 66 289 -661 -578 427 -426 -706 -587 615 265 286 -172 848 565 -330 -661 -723 126 -37 -94 949 752 -571 951 -831 76 803 438 -666 -523 108 15 -294 -642 975 337 -452 -10 -77 820 91 -506 76 -68 -35 -16 81 -635 195 -873 -664 436 57 -489 -268 -270 -489 -27 284 945 -872
9 8 9 7 10 6 12 17 24 38
110 940 578 -370 -598 85 278 123 522 -258 -871 -100 -894 599 -624 144 981 818 -951 614 -110 -215 909 197 -783 -90 755 719 -875 262 -811 813 31 -116 -328 864 438 -226 842 595 -216 -298 572 -330 498 -634 -430 643 -292 381 -79 325 -76 422 -777 968 690 170 -11 -187 630 766 -708 165 89 770 180 -659 -166 -59 -311 -824 646 81 -138 -164 -810 892 -21 -618 -584 456 -897 456 981 442 9 827 606 562 -878 -263 92 11 526 59 -14 388 679 426 -733 -778 806 -43 427 262 -204 551 859 32 980
9 8 9 7 10 6 13 17 24 32
69 -238 -239 -241 -244 -240 -235 -241 -234 -242 -233 -223 -212 -224 -211 -225 -210 -226 -243 -225 -206 -186 -207 -229 -206 -230 -255 -229 -202 -174 -203 -233 -202 -170 -137 -103 -68 -32 -69 -31 -70 -110 -151 -193 -150 -194 -239 -285 -238 -286 -237 -287 -236 -184 -131 -185 -130 -74 -131 -189 -130 -70 -131 -193 -130 -194 -259 -325 -258 -326
99 367 366 368 365 361 366 360 367 375 384 374 385 397 384 398 413 397 414 396 415 395 416 394 417 393 368 394 421 449 478 508 477 445 412 378 413 449 412 450 489 529 570 612 655 699 654 700 747 699 650 700 649 701 754 700 755 699 642 584 525 585 524 462 399 463 398 332 265 197 128 58 129 201 274 348 273 349 272 350 271 191 110 192 275 359 444 358 271 183 272 182 91 183 90 184 279 375 472 374
28 -4 -5 -7 -10 -14 -9 -3 4 -4 -13 -3 -14 -2 11 -3 12 -4 -21 -39 -58 -78 -99 -121 -144 -120 -145 -119 -146
8 -11 -22 -57 -539 -568 183 -328 425
137 -119 -653 -175 329 585 -76 -747 738 -412 -251 -769 -279 104 242 -932 394 871 650 857 85 -921 -307 439 -358 389 -477 150 57 -375 -778 742 831 305 -425 -366 -116 -696 -53 54 -770 -473 -824 -555 788 807 262 597 508 -597 386 196 18 507 -717 302 21 -189 955 253 -207 843 123 -225 288 335 758 -620 -26 -257 -662 -958 691 842 500 -236 -178 -729 620 -19 926 855 523 539 -545 -426 -519 419 -963 752 915 -986 765 -956 122 -489 -297 957 293 578 492 371 269 -174 527 948 -773 85 -294 -63 146 50 -395 179 -290 -420 565 333 791 806 -300 -222 487 -85 754 -402 804 -185 -199 924 -874 719 -636 819 -512 207 -319 -448
131 507 -184 -939 -49 366 200 -993 -784 251 978 210 -446 884 316 -70 -520 -714 -929 -772 -768 773 87 757 -768 90 -754 252 938 -189 -702 -610 244 -492 476 386 600 645 868 -568 958 679 -633 680 -95 -591 -262 -955 951 -898 832 92 -849 85 -749 -241 690 -528 129 929 609 676 980 581 -176 820 857 218 271 -186 793 680 -668 -332 -504 530 719 891 -784 -303 980 262 -173 -483 470 -40 -223 -481 -500 399 -445 -108 808 -24 -502 709 -685 -4 290 384 -771 441 176 -334 -446 598 -240 -622 159 -813 -707 -830 -367 761 -911 -233 -685 -740 482 300 -416 957 47 914 -562 -255 -414 -142 -863 160 -259 519
21 -236 -235 -233 -230 -226 -221 -215 -222 -230 -221 -231 -220 -208 -221 -235 -250 -234 -251 -233 -214 -194
68 607 -722 -908 -68 -289 590 822 511 -506 54 -543 798 475 548 -586 242 -568 872 -292 -126 -134 453 -645 -57 -334 841 438 71 812 131 -153 107 -277 939 834 -300 721 55 -752 676 285 921 22 -343 168 330 349 326 998 178 -260 817 -593 -475 -633 507 183 -171 73 313 746 -100 -859 163 -180 239 679 -369
141 26 27 29 26 22 27 21 14 22 31 41 30 18 5 -9 -24 -40 -23 -5 14 34 55 77 54 30 55 29 56 84 55 25 56 24 57 23 58 94 57 95 56 16 -25 -67 -110 -154 -109 -155 -202 -154 -105 -55 -106 -54 -107 -53 -108 -164 -107 -165 -224 -164 -103 -165 -228 -292 -227 -161 -94 -26 -95 -165 -94 -22 -95 -169 -244 -320 -243 -165 -86 -166 -247 -165 -82 -166 -81 -167 -254 -342 -431 -341 -432 -340 -433 -527 -622 -718 -621 -719 -620 -520 -621 -723 -620 -724 -619 -513 -620 -512 -621 -511 -622 -510 -623 -509 -394 -278 -161 -279 -398 -518 -639 -761 -884 -760 -635 -761 -888 -760 -631 -761 -630 -498 -365 -499 -364 -228 -365 -227 -88 52
48 -85 -86 -84 -87 -91 -86 -80 -73 -81 -90 -80 -91 -103 -116 -102 -117 -101 -118 -100 -81 -101 -80 -102 -125 -101 -126 -100 -73 -45 -16 -46 -15 -47 -14 -48 -13 -49 -12 -50 -89 -129 -88 -46 -3 -47 -92 -46 1
3 7 7 8
35 204 205 207 204 208 203 197 204 212 221 231 242 254 241 255 270 286 303 285 304 284 305 283 306 282 307 281 254 226 197 167 198 166 199 233
27 -136 -856 -277 336 5 310 -248 986 253 -989 790 149 -291 -946 -658 -985 354 -929 -725 212 -191 -967 479 -484 364 -908 -325
63 -10 -11 -13 -16 -12 -17 -23 -30 -22 -13 -23 -12 0 -13 1 16 0 -17 1 -18 -38 -59 -81 -104 -80 -55 -81 -54 -82 -111 -81 -50 -18 15 49 14 50 87 125 86 126 85 127 170 126 171 125 78 126 77 27 -24 -76 -23 -77 -22 34 -23 35 -24 36 -25 -87
133 25 24 22 25 29 24 30 23 31 40 50 61 73 86 100 115 99 82 100 119 99 120 98 121 145 120 94 121 149 120 150 181 149 182 216 181 217 180 142 103 63 22 -20 23 -21 -66 -20 27 -21 -70 -120 -171 -223 -170 -116 -171 -227 -284 -342 -401 -461 -522 -460 -523 -459 -524 -590 -657 -589 -520 -590 -661 -589 -516 -442 -367 -443 -520 -442 -521 -441 -522 -604 -521 -437 -522 -608 -695 -783 -694 -784 -875 -967 -874 -968 -873 -777 -874 -776 -875 -975 -874 -976 -873 -769 -874 -768 -875 -767 -658 -548 -437 -325 -438 -324 -439 -323 -440 -322 -441 -561 -682 -560 -683 -807 -932 -806 -933 -805 -676 -546 -415 -283
5 -267 -268 -266 -269 -273
37 -614 -971 -722 -9 -682 -926 982 684 615 312 -800 685 -296 760 -277 369 51 113 95 572 -461 18 654 -68 695 768 553 -691 -673 -854 209 -915 -142 -156 -980 9 674
78 -582 700 118 -3 -653 -584 -935 -637 -432 795 -617 -95 558 -374 241 -585 -683 142 -970 223 -993 927 -450 845 -957 69 98 478 -83 36 -925 557 495 296 -844 454 642 -732 -144 778 899 -754 -795 -443 -235 -12 -338 761 528 -784 294 -188 -987 -670 -668 -675 -121 -640 -192 834 391 62 -632 -47 -270 680 684 -308 736 -726 -147 363 622 836 -554 -353 315 -350